#         t          x          y          z         vx         vy         vz
      0.000    -98.600   -119.990   -127.780    -28.430    173.920     93.230
      0.100   -101.056   -102.167   -117.978    -20.681    182.542    102.803
      0.200   -102.635    -83.467   -107.155    -10.902    191.454    113.657
      0.300   -103.099    -63.874    -95.171      1.611    200.416    126.023
      0.400   -102.126    -43.408    -81.865     17.847    208.903    140.110
      0.500    -99.277    -22.171    -67.061     39.143    215.837    155.972
      0.600    -93.966     -0.424    -50.605     67.068    219.102    173.144
      0.700    -85.480     21.280    -32.454    102.658    214.966    189.870
      0.800    -73.143     41.951    -12.857    144.086    198.452    202.068
      0.900    -56.752     60.237      7.454    183.727    167.267    204.147
      1.000    -37.009     74.986     27.338    211.143    127.727    193.551
      1.100    -15.276     85.857     45.813    223.507     89.690    175.937
      1.200      7.146     93.255     62.447    224.933     58.277    156.736
      1.300     29.406     97.864     77.222    220.272     33.902    138.779
      1.400     51.055    100.323     90.308    212.708     15.271    122.930
      1.500     71.889    101.134    101.914    203.971      0.955    109.199
      1.600     91.834    100.673    112.240    194.933    -10.185     97.324
      1.700    110.882     99.215    121.457    186.017    -18.977     87.005
      1.800    129.053     96.965    129.705    177.415    -26.011     77.967
      1.900    146.384     94.079    137.103    169.203    -31.706     69.987
      2.000    162.914     90.676    143.747    161.402    -36.366     62.882
      2.100    178.685     86.847    149.716    154.002    -40.212     56.506
      2.200    193.734     82.666    155.079    146.981    -43.407     50.745
      2.300    208.099     78.192    159.891    140.312    -46.077     45.503
      2.400    221.812     73.472    164.201    133.965    -48.316     40.707
      2.500    234.906     68.546    168.052    127.914    -50.198     36.294
      2.600    247.409     63.448    171.477    122.131    -51.780     32.214
      2.700    259.345     58.203    174.509    116.593    -53.110     28.424
      2.800    270.738     52.836    177.174    111.277    -54.223     24.889
      2.900    281.610     47.368    179.498    106.164    -55.151     21.581
      3.000    291.980     41.814    181.501    101.236    -55.917     18.473
      3.100    301.866     36.191    183.201     96.477    -56.542     15.544
      3.200    311.283     30.512    184.617     91.872    -57.043     12.776
      3.300    320.247     24.788    185.764     87.409    -57.434     10.152
      3.400    328.772     19.030    186.654     83.074    -57.727      7.660
      3.500    336.868     13.247    187.302     78.859    -57.931      5.287
      3.600    344.549      7.448    187.717     74.752    -58.056      3.022
      3.700    351.824      1.640    187.911     70.744    -58.108      0.857
      3.800    358.702     -4.171    187.893     66.829    -58.094     -1.218
      3.900    365.194     -9.976    187.672     62.998    -58.019     -3.210
      4.000    371.306    -15.772    187.255     59.244    -57.888     -5.125
      4.100    377.046    -21.551    186.650     55.561    -57.704     -6.968
      4.200    382.421    -27.310    185.865     51.944    -57.472     -8.746
      4.300    387.438    -33.043    184.904     48.386    -57.193    -10.463
      4.400    392.101    -38.746    183.775     44.883    -56.870    -12.123
      4.500    396.417    -44.415    182.482     41.430    -56.506    -13.730
      4.600    400.389    -50.046    181.031     38.022    -56.102    -15.288
      4.700    404.023    -55.634    179.427     34.656    -55.660    -16.799
      4.800    407.322    -61.176    177.674     31.327    -55.181    -18.268
      4.900    410.290    -66.668    175.775     28.031    -54.665    -19.695
      5.000    412.930    -72.107    173.736     24.765    -54.115    -21.085
      5.100    415.245    -77.489    171.560     21.526    -53.530    -22.438
      5.200    417.236    -82.811    169.250     18.310    -52.910    -23.757
      5.300    418.908    -88.070    166.810     15.114    -52.257    -25.045
      5.400    420.260    -93.261    164.243     11.935    -51.570    -26.302
      5.500    421.295    -98.382    161.551      8.770    -50.849    -27.530
      5.600    422.015   -103.429    158.738      5.615    -50.094    -28.731
      5.700    422.419   -108.399    155.807      2.469    -49.305    -29.905
      5.800    422.509   -113.288    152.759     -0.672    -48.481    -31.055
      5.900    422.284   -118.094    149.597     -3.811    -47.621    -32.181
      6.000    421.746   -122.811    146.324     -6.950    -46.725    -33.284
      6.100    420.894   -127.437    142.941    -10.093    -45.792    -34.366
      6.200    419.727   -131.967    139.451    -13.242    -44.820    -35.426
      6.300    418.245   -136.399    135.857    -16.399    -43.809    -36.467
      6.400    416.447   -140.727    132.159    -19.569    -42.757    -37.487
      6.500    414.331   -144.948    128.360    -22.754    -41.662    -38.489
      6.600    411.895   -149.057    124.462    -25.956    -40.522    -39.471
      6.700    409.138   -153.050    120.467    -29.180    -39.336    -40.436
      6.800    406.058   -156.922    116.376    -32.428    -38.101    -41.382
      6.900    402.651   -160.668    112.191    -35.704    -36.814    -42.311
      7.000    398.916   -164.282    107.915    -39.011    -35.474    -43.222
      7.100    394.848   -167.760    103.548    -42.352    -34.076    -44.116
      7.200    390.443   -171.094     99.093    -45.733    -32.617    -44.991
      7.300    385.699   -174.280     94.551    -49.156    -31.094    -45.848
      7.400    380.610   -177.310     89.924    -52.627    -29.502    -46.687
      7.500    375.171   -180.177     85.214    -56.149    -27.836    -47.507
      7.600    369.377   -182.873     80.423    -59.727    -26.091    -48.306
      7.700    363.222   -185.390     75.554    -63.368    -24.261    -49.085
      7.800    356.700   -187.720     70.607    -67.076    -22.339    -49.842
      7.900    349.804   -189.853     65.587    -70.857    -20.318    -50.575
      8.000    342.525   -191.779     60.494    -74.719    -18.190    -51.282
      8.100    334.855   -193.485     55.332    -78.667    -15.944    -51.962
      8.200    326.787   -194.961     50.103    -82.711    -13.570    -52.611
      8.300    318.308   -196.192     44.811    -86.857    -11.056    -53.226
      8.400    309.410   -197.164     39.460    -91.116     -8.387    -53.803
      8.500    300.079   -197.861     34.053    -95.498     -5.547    -54.337
      8.600    290.303   -198.264     28.595   -100.013     -2.518    -54.822
      8.700    280.069   -198.354     23.091   -104.674      0.723    -55.250
      8.800    269.361   -198.108     17.548   -109.494      4.201    -55.614
      8.900    258.162   -197.500     11.972   -114.487      7.946    -55.901
      9.000    246.454   -196.503      6.372   -119.671     11.994    -56.097
      9.100    234.217   -195.084      0.758   -125.063     16.386    -56.186
      9.200    221.430   -193.206     -4.857   -130.681     21.174    -56.126
      9.300    208.068   -190.827    -10.459   -136.546     26.418    -55.906
      9.400    194.107   -187.896    -16.029   -142.679     32.194    -55.489
      9.500    179.518   -184.357    -21.545   -149.102     38.593    -54.829
      9.600    164.271   -180.141    -26.979   -155.836     45.732    -53.862
      9.700    148.335   -175.166    -32.297   -162.895     53.756    -52.504
      9.800    131.676   -169.336    -37.455   -170.286     62.849    -50.639
      9.900    114.262   -162.531    -42.392   -177.993     73.249    -48.108
     10.000     96.064   -154.605    -47.032   -185.960     85.261    -44.686
     10.100     77.064   -145.378    -51.268   -194.051     99.281    -40.047
